24
83
59
22
12
61
18
0
86
67
64
91
75
44
55
1
43
51
66
47
24
4
76
5
18
28
60
0
92
30
0
74
65
57
21
1
0
72
37
44
44
65
29
88
49
18
13
1
9
66
45
24
15
5
29
8
33
62
4
44
26
63
20
60
66
93
54
65
36
49
28
89
77
100
16
37
20
58
40
46
35
44
62
57
81
25
90
70
41
69
84
44
24
90
11
55
91
50
73
12
13
53
50
42
3
37
84
92
65
82
21
21
20
22
100
36
67
17
81
61
99
67
99
34
66
50
69
36
63
38
0
29
93
76
34
64
28
83
54
8
58
66
96
27
25
47
23
61
21
76
87
67
36
6
18
20
18
18
70
64
81
42
41
17
72
76
67
25
84
79
95
6
41
19
34
5
42
44
53
82
48
97
84
99
55
65
36
58
75
35
71
78
0
95
98
70
92
57
38
99
27
8
18
56
43
67
72
71
66
53
94
67
15
48
11
60
32
87
61
56
2
18
10
51
99
7
39
26
33
100
28
39
95
20
83
24
36
7
88
21
33
15
29
80
81
44
64
65
42
61
79
17
20
34
57
22
74
7
20
7
21
74
31
60
72
65
84
78
12
29
71
9
91
65
39
94
90
73
53
10
84
100
81
4
17
42
35
36
26
8
16
94
17
31
61
5
28
71
50
7
60
57
11
66
6
93
33
74
8
77
65
32
63
26
1
56
36
41
56
78
78
10
34
49
87
88
79
44
89
45
17
90
61
16
28
83
40
28
88
97
4
25
51
11
47
65
57
79
63
58
28
74
1
42
20
33
22
39
46
93
15
48
88
86
93
5
64
86
83
23
64
13
93
17
7
4
41
6
53
29
83
60
12
84
59
62
32
39
74
12
66
1
26
42
23
91
10
56
87
62
27
82
23
41
94
67
69
15
65
8
95
12
41
82
81
42
14
2
12
0
36
49
78
66
43
4
100
16
1
88
18
39
84
100
27
100
29
82
6
34
86
69
38
92
68
53
95
32
23
76
95
95
40
80
76
93
93
100
21
51
97
55
3
0
10
5
71
46
91
100
22
80
95
68
44
85
83
25
16
28
97
80
76
95
38
8
50
38
96
14
94
36
75
2
9
4
99
28
95
85
20
48
75
3
28
25
97
46
55
34
37
73
4
79
50
7
95
88
82
61
6
62
40
29
96
90
68
46
38
86
3
9
19
61
33
43
71
16
65
26
12
6
42
1
96
75
16
83
61
98
97
43
84
79
56
4
24
40
39
23
35
2
95
25
78
56
63
59
69
100
0
87
72
96
61
89
18
91
47
1
69
20
38
2
4
15
15
3
57
26
24
6
80
52
19
63
68
26
75
94
58
17
68
95
91
55
52
74
20
8
20
19
70
48
64
30
75
62
22
39
68
99
36
25
97
23
29
73
81
35
43
9
71
66
83
65
32
16
34
91
54
94
63
77
53
20
63
27
86
41
68
8
47
0
45
41
48
22
58
87
33
90
76
24
57
35
21
96
57
36
95
96
31
94
73
96
15
0
33
91
36
49
74
40
13
54
17
19
85
15
45
46
89
14
30
12
84
28
57
76
93
78
42
98
42
35
99
51
46
44
76
77
67
80
43
90
0
58
66
79
83
20
98
11
42
9
13
50
9
6
16
80
97
69
63
3
96
58
28
65
95
4
77
69
49
96
55
42
28
66
27
6
94
1
100
98
87
34
22
52
54
18
90
80
97
16
28
87
25
11
66
60
43
97
25
66
38
40
45
49
43
11
77
93
86
77
21
51
45
82
72
16
23
62
22
43
95
74
39
92
6
63
85
14
81
1
64
2
34
5
20
22
38
2
80
51
27
69
13
38
84
77
65
76
70
16
36
39
43
95
53
28
84
20
68
11
1
98
86
54
77
71
30
84
62
68
75
71
60
26
27
20
58
97
83
34
89
85
97
5
88
37
9
79
43
49
34
78
42
63
98
20
50
97
72
73
82
50
22
11
82
62
25
89
38
55
79
26
89
1
35
88
50
63
81
46
84
28
1
66
43
99
29
73
48
22
51
84
47
2
35
38
92
25
85
82
1
63
99
32
90
85
26
69
3
75
20
30
10
34
52
46
85
64
75
31
67
92
48
21
19
32
22
27
75
62
91
22
6
99
4
28
56
57
22
16
35
22
59
69
55
3
22
46
44
37
7
38
68
71
33
88
46
97
52
10
39
68
56
50
29
15
54
45
75
70
27
72
23
82
42
77
21
79
2
38
89
74
72
42
